
0.0199738271579,0.000727436560492,-0.0157298302982;0.0174861210142,4.4024354273e-05,-0.00237772596813;0.0371130705779,0.000144937720701,-0.000205261756848;0.0340289433909,0.000146574876121,0.000970542157001
-0.0104569065378,0.00286750799007,-0.0476017646727;0.0124109113893,0.00040502405931,-0.0143841900161;0.0363545673027,0.00079056938564,-0.00443237106194;0.0491916560196,-8.03797707756e-05,-0.000824386062292
-0.0407723259759,0.00339313956926,-0.0755940970852;0.00319457980067,0.00098614553571,-0.0254942724159;0.0189625818792,0.00105409251419,-0.0165235714263;0.0539536204291,-2.83693308623e-05,-0.000430257267571
0.0130270167328,0.0,0.0;-0.00651993187387,0.0,0.0;0.0148196699686,0.0,0.0;0.00439035999699,0.0,0.0
0.0450057569769,0.00225270676798,-0.0134852286181;-0.00948410338482,0.00411627712451,-0.0264285293449;0.0156358854495,0.00124295075631,-0.00393525274457;0.0132504112701,3.78257744827e-05,-5.74771158968e-05
-0.0193326099984,0.00805342669551,-0.0612667023736;-0.107370263008,0.0111293567602,-0.069749433975;-0.034944740563,0.00520897384094,-0.0371523779895;-0.0529452781188,0.0322653856338,-0.0999839064075
-0.006047009779,0.0167451203086,-0.147668010374;-0.0851202949226,0.0245655896842,-0.122623326123;-0.0312800154998,0.0147177667293,-0.0840033739901;-0.146900652187,0.0529986382721,-0.180006831566
0.000751289859858,0.0,0.0;-0.0151135383552,0.0,0.0;0.00833529142603,0.0,0.0;-0.00759075080793,0.0,0.0
0.0265939138533,0.000183032424898,-0.00356246828663;0.0293334661814,-0.000154085239955,-0.000244085143632;0.032784655149,0.000175682085698,0.00016998239239;0.0321312556889,0.000231682868707,-0.000597762005327
0.0786146214984,-0.0196173214378,-0.199452415854;-0.000376748689942,-0.00974699203599,-0.15870163537;0.0648602746277,-0.013167372323,-0.165973373701;0.0719806097653,-0.0175464311382,-0.212208796298
0.123337334389,-0.0196173214378,-0.199452415854;0.0538657217851,-0.00974699203599,-0.15870163537;0.0744446230775,-0.013167372323,-0.165973373701;0.0717864568981,-0.0175464311382,-0.212208796298
0.143898215949,0.000197111842198,-0.00763939786886;0.133079469065,-4.40243542732e-06,0.000505003745444;0.119319985325,0.000579750882802,0.00121232725138;0.0606195355362,0.000236411090517,-0.0038526089684
0.60048327157,-0.00155812218118,-0.0660871342392;0.425302566562,0.0132997574258,0.0413345565646;0.41362337839,0.0132112928445,0.0544264377143;0.552811667543,0.0118063698604,-0.0310113673313
0.0382214348239,0.0,0.0;0.0214061755649,0.0,0.0;0.0372573510922,0.0,0.0;0.0360811183205,0.0,0.0
0.0637285991589,8.44765037991e-05,-0.00597620792693;0.0677805143087,-9.68535793999e-05,0.000483961922717;0.0758956728213,0.000320619806398,0.00157153532587;0.0724336331221,-6.14668835344e-05,-0.00225474514647
0.113236853738,0.000276895206897,-0.00307267294356;0.113494764439,0.000246536383928,0.00237351760359;0.11867278416,0.00106287661847,0.0025657719606;0.109477165118,0.000236411090517,-0.00157651517889
0.13371911194,0.00091046898539,-0.0118114675537;0.125874539573,7.92438376912e-05,-0.00258393583086;0.131526116834,0.000614887299942,-0.00489421001485;0.132113719301,0.000302606195862,-0.0064587856235
-1.10408684212,0.000746209116892,-0.0093131589333;-0.767561626433,0.000471060590719,-0.00490274469536;-0.542746194086,0.000707120394933,-0.0038165857914;-0.889418459971,0.000340431970345,-0.0110126154058
-0.753023068093,0.00340721898656,-0.0535215932796;-0.405285067986,0.0010653893734,-0.0141022295915;-0.318740389887,0.00169533212698,-0.0144709538578;-0.425560120584,0.00100238302379,-0.0132328742828
-28.2181798169,-0.000807219925191,0.000236088402774;-46.6433777855,-0.000854072472892,0.00125409263452;-47.3023336343,0.000263523128546,8.33875887195e-05;-31.7174240716,2.8369330862e-05,-0.00234999293853
-0.0516101190008,-0.000168953007598,-0.00162442915938;-0.0658376119738,-0.000294963173628,-0.000765922347258;-0.0385764872229,0.000382108536393,0.00266840283903;-0.049982881145,-5.67386617241e-05,0.00101488164641
0.00427012190115,-2.34656954998e-05,-0.00362589502171;-0.0113429378302,-3.52194834179e-05,0.00293743845267;-0.00679767337365,0.000320619806398,0.00135023749427;-0.0131669046605,-0.0001371184325,-0.00154038670604
-0.0517306748155,-0.000215884398598,-0.00130729548402;-0.0509326865295,-0.000378609446746,-0.00155288651724;-0.0279244629673,0.00019764234641,0.00143683229794;-0.0326406460071,-6.14668835344e-05,-0.000824386062292
-0.0180763834653,0.000112635338399,0.000102187517618;-0.0226391712774,3.0817047991e-05,0.00155288651724;0.0187812006612,0.000122977459988,0.00251445652139;-0.00788093627611,-4.72822181052e-06,-0.00137123976497
0.0180833722082,0.000319133458797,-0.00186051756216;0.00521532277399,-5.72316605543e-05,0.00121621735361;-0.0157595544618,0.000298659545686,0.0023252308393;0.0297033010163,1.41846654311e-05,-0.00175058872989
-0.00965320110632,-9.38627820002e-06,-0.00331580876135;-0.00558273058732,-0.000325780221619,-0.000597587765443;-0.0100378014947,0.000338188014968,0.00263312347457;-0.0492104450067,-0.000113477323448,0.000190495584115
0.0167293032748,-0.000150180451198,-0.00327000056379;0.0138151565064,-0.000352194834182,0.00156971997542;0.0249028167679,0.000272307232831,0.00258180803536;0.0144988350828,-0.000151303097931,-0.0018967448246
0.0148877695252,-7.5090225599e-05,0.000863308338502;0.00901705955432,-0.000497475203282,-2.10418227269e-05;0.0225201271317,0.000364540327823,0.0008531191769;0.0256928960927,-4.25539962934e-05,0.000482807773534
0.0404683156605,-0.000253429511397,-0.00262163838304;0.0295669880966,-0.000294963173628,-3.78752809085e-05;0.0360000494676,0.000166897981413,0.00223863603563;0.0354652570751,-0.000283693308621,-0.00200020363321
0.00915175880451,-0.000412996240795,-0.00242431076281;0.0305758027705,-0.000224524206791,-0.000244085143632;0.0404109109047,0.00016250592927,0.00141758900823;0.0429871149301,-8.03797707758e-05,-0.00140901044113
0.0524225603609,0.000736822838692,-0.00650124034504;0.0413084699955,-0.000176097417091,-0.000151501123633;0.0463305342914,9.22330949912e-05,0.000564469831333;0.0537803442142,1.89128872412e-05,-0.00110191842191
0.0607496475053,-7.97833646993e-05,-0.00409807182725;0.0458917267856,-0.000140877933673,0.000147292759088;0.0535734161091,0.000127369512131,0.000442595663204;0.0565381499946,-0.000217498203276,-0.00115939553781
0.0348144226687,0.0,0.0;0.017978073849,0.0,0.0;0.0352745245957,0.0,0.0;0.0339684010989,0.0,0.0
0.189854441958,0.000760288534192,-0.0233516096296;0.18224984354,0.000594328782683,-0.018272718856;0.189139387344,0.00119463818274,-0.00504815633249;0.190551644663,0.000212769981465,-0.00731273134539
0.0378195821081,0.000267508928697,-0.00709322320573;0.0194445914768,-1.76097417091e-05,-0.00174226292178;0.0339182877613,0.000939899158483,0.00237654627851;0.023893328657,0.000359344857586,-0.00395606777702
0.0217524622215,0.00115920535769,-0.0252685065118;0.00626150095433,0.000994950406565,-0.00647246467078;0.0299485124679,0.00106726867061,-0.0124696517285;0.0264945595444,0.00139009721224,-0.0113492670847
0.0438823165586,-0.00235595582817,-0.0222698314258;0.043463098867,-0.00222322989078,-0.0133363072443;0.0544061207916,-0.00202473603767,-0.0146954589044;0.0553481808085,-0.00259106555207,-0.0176471167836
0.00230628515119,-0.00221516165518,-0.021593279585;-0.00779340471839,-0.00243454679128,-0.0183105941369;0.00592786798745,-0.00195885525553,-0.0148141258575;-0.0515173150955,-0.00240666490146,-0.0176191993274
-0.00968465044929,0.0,0.0;0.0183952996709,0.0,0.0;0.03773966024,0.0,0.0;0.0339579627728,0.0,0.0
0.0657238852518,0.000779061090592,-0.0046512939054;0.0513218897216,-0.000149682804527,0.00220518302177;0.036206164488,0.000267915180689,0.000785767662934;0.056682198896,-8.98362143964e-05,-0.00136467095172
0.107322630074,0.000511552161894,-0.00117339459886;0.0805308108815,-0.000123268191964,-0.000505003745445;0.0698729919244,0.000131761564273,0.00110969637296;0.0908155255488,0.000245867534138,0.000298881002664
0.132927636809,0.000422382518996,-0.00544060438631;0.117262251338,0.0003389875279,-0.00301318901449;0.126488665735,0.00077300117707,-7.05587289167e-05;0.13241643076,0.000236411090517,-0.00284593833855
0.0025526383378,-8.44765037991e-05,-0.000197327620229;-0.0186194807095,-0.000264146125637,-0.000168334581815;-0.00336791943376,0.000417244953532,0.00225787932533;0.0109017878765,0.0,0.000701220813942
-0.00136979360495,-0.000323826597897,-0.0494728533574;0.00570727560879,-0.000356597269609,-0.0311629394585;0.0322116553922,-0.000505085996381,-0.0315942744799;0.0225133819342,-0.00116314256534,-0.0328949745294
-0.00352582078417,-0.00155342904208,-0.0198560917855;-0.0147399032908,-0.00197229107142,-0.015579365547;-0.00839712593216,-0.00117706997417,-0.0133099420456;-0.0174403554041,-0.00178726784431,-0.0188442829976
0.0359972674015,0.0,0.0;0.017386484997,0.0,0.0;0.035802179048,0.0,0.0;0.0321563076718,0.0,0.0
0.183085844476,0.00777183834952,-0.0628347522129;0.229910109631,0.00502758125795,-0.0291597579349;0.229661600359,0.00475659247027,-0.0227840550102;0.197234261092,0.00505919733707,-0.0719580646962
0.186442188245,0.000685198308593,-0.00897488301291;0.173360442633,0.000316975350764,-0.00722155355986;0.176541637295,0.00124295075631,-0.000718416148969;0.0464630775526,0.00069504860612,-0.0110273952356
-1.03353198835,-0.000563176691994,0.00645543214749;-2.08335175562,-0.000189304723373,0.00555504119989;-2.19561552129,-0.00034258006711,0.000821047027393;-1.41975223589,-0.000472822181034,0.00034322049207
-0.12500240238,-3.28519736998e-05,-0.00376684332187;-0.070143756091,-0.000127670627391,0.00186851385814;-0.0299485124679,0.000245954919977,0.00314627786669;-0.0518659551904,8.03797707759e-05,0.00211680006832
