143.08725,35.5128333333,2837.92;80.29225,37.8578333333,2376.22;60.64575,37.9473333333,3117.97;119.751,35.2493333333,6089.38
140.22925,35.487,2882.56;78.88825,37.8561666667,2381.87;58.395,37.9418333333,3118.61;115.676,35.2441666667,6083.47
144.5835,35.411,2973.01;79.29575,37.8425,2410.4;58.441,37.9173333333,3131.79;113.86025,35.2521666667,6094.4
148.92125,35.3923333333,3052.45;80.03575,37.8205,2436.8;59.49575,37.9073333333,3169.49;113.29,35.2503333333,6092.0
141.22325,35.5128333333,2837.92;80.81575,37.8578333333,2376.22;59.747,37.9473333333,3117.97;119.22525,35.2493333333,6089.38
136.6475,35.4328333333,2876.19;81.05375,37.702,2439.02;59.6975,37.9001666667,3130.24;118.16425,35.248,6089.73
145.8535,35.2268333333,3011.79;88.91325,37.4365,2541.96;62.765,37.7496666667,3233.81;126.09125,34.112,6698.22
143.9525,34.9181666667,3256.99;87.12675,36.9278333333,2667.6;62.54275,37.3888333333,3379.89;137.3425,33.3811666667,7185.51
142.97975,35.5128333333,2837.92;81.50575,37.8578333333,2376.22;60.14025,37.9473333333,3117.97;120.66,35.2493333333,6089.38
139.282,35.5063333333,2848.03;77.937,37.8636666667,2376.8;58.6575,37.9406666667,3117.44;115.90325,35.2411666667,6093.02
131.8385,36.2095,3403.95;80.3225,38.2268333333,2753.33;56.71225,38.447,3635.47;111.13125,35.8678333333,7381.6
125.43925,36.2095,3403.95;75.96725,38.2268333333,2753.33;56.131,38.447,3635.47;111.1545,35.8678333333,7381.6
122.49725,35.5058333333,2859.6;69.607,37.858,2375.02;53.4095,37.9253333333,3114.19;112.49175,35.241,6112.84
57.16575,35.5681666667,3025.47;46.14375,37.3543333333,2278.0;35.56125,37.446,2948.27;53.55125,34.8331666667,6278.22
137.61825,35.5128333333,2837.92;78.5735,37.8578333333,2376.22;58.38625,37.9473333333,3117.97;115.43025,35.2493333333,6089.38
133.9685,35.5098333333,2854.88;74.85,37.8615,2375.07;56.043,37.9351666667,3113.07;111.077,35.2515,6103.11
126.8845,35.503,2846.64;71.1795,37.8485,2370.58;53.44875,37.907,3109.97;106.641,35.241,6098.98
123.95375,35.4805,2871.44;70.1855,37.8548333333,2382.36;52.66925,37.924,3133.23;103.93025,35.2386666667,6128.71
301.068,35.4863333333,2864.35;141.9215,37.84,2387.87;93.561,37.9205,3129.87;226.25975,35.2373333333,6156.44
250.83525,35.3918333333,2989.81;112.8335,37.8175,2409.73;79.976,37.883,3163.09;170.71225,35.214,6169.96
4180.749,35.5415,2837.25;3825.394,37.8901666667,2373.24;2929.33125,37.9373333333,3117.71;3917.94425,35.2483333333,6103.69
150.472,35.5188333333,2842.53;85.5785,37.869,2378.04;62.98525,37.9328333333,3109.65;125.7365,35.2513333333,6083.2
142.47625,35.5136666667,2848.21;81.203,37.8591666667,2369.24;61.058,37.9351666667,3113.76;121.32775,35.2541666667,6098.76
150.48925,35.5205,2841.63;84.38175,37.8721666667,2379.91;62.33925,37.9398333333,3113.49;123.65975,35.2515,6094.4
145.67375,35.5088333333,2837.63;82.11,37.8566666667,2372.53;59.50675,37.9426666667,3110.13;120.69475,35.2495,6097.73
140.49975,35.5015,2843.2;79.8735,37.86,2373.33;61.6015,37.936,3110.72;116.194,35.2488333333,6100.04
144.4685,35.5131666667,2847.33;80.7405,37.8701666667,2377.64;61.2545,37.9345,3109.76;125.644,35.2533333333,6088.22
140.6935,35.5181666667,2847.2;79.183,37.8711666667,2372.49;59.1355,37.937,3109.92;118.01475,35.2546666667,6100.93
140.957,35.5155,2835.47;79.56825,37.8766666667,2376.27;59.28,37.9335,3115.31;116.67425,35.2508333333,6086.44
137.29675,35.5218333333,2845.36;77.91825,37.869,2376.31;58.4625,37.941,3110.99;115.504,35.2593333333,6101.56
141.77775,35.5275,2844.8;77.83725,37.8663333333,2376.8;58.195,37.9411666667,3113.55;114.60325,35.2521666667,6097.96
135.58625,35.4866666667,2856.37;76.9755,37.8645,2376.58;57.836,37.9438333333,3116.21;113.31075,35.2486666667,6096.09
134.39475,35.5156666667,2849.55;76.6075,37.8631666667,2375.87;57.39675,37.9425,3116.59;112.9805,35.257,6096.44
138.10575,35.5128333333,2837.92;78.84875,37.8578333333,2376.22;58.5065,37.9473333333,3117.97;115.68325,35.2493333333,6089.38
115.9215,35.4858333333,2904.19;65.659,37.8353333333,2419.64;49.17525,37.902,3133.71;96.93225,35.2418333333,6133.91
137.67575,35.5033333333,2858.05;78.731,37.8585,2380.36;58.58875,37.9116666667,3110.56;116.88975,35.2366666667,6113.47
139.97475,35.4716666667,2909.63;79.7895,37.8201666667,2391.6;58.8295,37.9068333333,3156.85;116.57825,35.2003333333,6158.49
136.80825,35.5965,2901.12;76.8025,37.942,2407.91;57.34625,38.0241666667,3163.79;113.123,35.3406666667,6196.84
142.75725,35.5915,2899.2;80.918,37.95,2419.73;60.28625,38.0216666667,3164.16;125.92025,35.3341666667,6196.67
144.473,35.5128333333,2837.92;78.81525,37.8578333333,2376.22;58.357,37.9473333333,3117.97;115.6845,35.2493333333,6089.38
133.683,35.4851666667,2851.12;76.1715,37.8635,2370.98;58.45,37.9371666667,3115.52;112.96325,35.2525,6097.69
127.73075,35.4946666667,2841.25;73.82625,37.8625,2377.42;56.40825,37.9423333333,3114.51;108.87575,35.2406666667,6087.56
124.067,35.4978333333,2853.36;70.877,37.845,2383.38;52.97475,37.918,3118.19;103.894,35.241,6106.71
142.722,35.5158333333,2838.48;81.78725,37.8678333333,2376.62;60.85,37.9315,3110.93;118.4455,35.2493333333,6085.11
143.28325,35.5243333333,2978.32;79.834,37.8713333333,2450.27;58.69225,37.9665,3216.48;117.055,35.2903333333,6289.69
143.59175,35.568,2894.27;81.47575,37.9325,2413.24;61.155,37.992,3159.47;121.8395,35.3123333333,6204.13
137.9365,35.5128333333,2837.92;78.89625,37.8578333333,2376.22;58.4745,37.9473333333,3117.97;115.90025,35.2493333333,6089.38
116.89,35.2368333333,3016.24;61.83225,37.6675,2445.51;46.71775,37.7668333333,3189.01;96.132,35.071,6527.56
116.40975,35.4885,2863.39;66.37275,37.8458333333,2393.38;49.93925,37.9001666667,3120.21;114.187,35.2248333333,6156.53
290.9725,35.5328333333,2819.6;247.56925,37.865,2363.02;193.8005,37.9603333333,3115.41;289.76775,35.266,6087.29
160.9735,35.514,2848.61;85.92425,37.8626666667,2371.78;62.462,37.938,3108.16;125.962,35.2465,6076.49
