
0.0106726196651,0.000186368178195,-0.00906723479156;-0.0168306021465,0.000137332719628,-0.00532866488626;-0.0840129664304,7.21923635563e-05,-1.12953392353e-05;-0.0531812512441,-8.18503638931e-05,0.000249057270187
-0.042782693783,0.000848761100695,-0.0254203827629;-0.0515041009981,0.000273592527383,-0.0113320869161;-0.0335726767176,7.54248574469e-05,-0.00363658580915;0.0238404379847,-0.00015233262169,-0.000233215254043
0.00890772468151,0.00227234453414,-0.0521002907151;-0.0485539854278,0.000916266738766,-0.0239330609191;-0.0759542736392,0.000506424042858,-0.0161615767472;0.0416107407062,8.86712275509e-05,0.000368002243853
0.0449266953814,0.0,0.0;0.0163389162182,0.0,0.0;0.0106407254699,0.0,0.0;0.0163221627505,0.0,0.0
0.0752962090619,0.00118444836142,-0.0146357885017;-0.000108460131261,0.00404595066966,-0.036891570294;0.0191651844465,0.00053120649602,-0.0103367756735;0.041603436091,-9.32184699891e-05,0.000181274217508
0.0387329129861,0.00463225965803,-0.0666774071767;-0.0693855613053,0.00931180213788,-0.0995613748127;-0.0251638778005,0.00302669177955,-0.0612828630194;-0.143709174049,0.0239662412721,-0.161002410064
0.101334173516,0.0111057471006,-0.138783901739;-0.0769464375667,0.0205655747643,-0.188958435356;-0.0326005070287,0.0102944155436,-0.146209951605;-0.178736630271,0.0379456013387,-0.270145590725
0.0449190107879,0.0,0.0;0.0167076806645,0.0,0.0;0.00994989106073,0.0,0.0;0.0173466350377,0.0,0.0
0.0855577029725,-1.01042988179e-05,-0.00133599120881;0.0615378682523,0.000163082604558,-0.00095761322339;0.0563827160108,-0.000126067261733,-0.00130923250224;-0.0080405552238,7.95767426738e-05,-0.000770025866636
0.0954669863458,-0.00503306351113,-0.0430859569434;0.0852689449721,-0.00338396404458,-0.0744215494037;0.0868888381791,-0.00448562402217,-0.0811102907728;0.0574361896205,-0.00572384141947,-0.0606125925849
0.074129431609,-0.00503306351113,-0.0430859569434;0.0873296874661,-0.00338396404458,-0.0744215494037;0.0884330562702,-0.00448562402217,-0.0811102907728;0.0934826396688,-0.00572384141947,-0.0606125925849
0.146993466815,0.000389576854419,-0.00304180863777;0.114893022157,0.000209217815058,-0.00293562314582;0.100971231905,-1.18524775989e-05,-0.00298761722765;0.117792399183,0.0,-0.00291311303408
0.706225673459,-0.00506225370772,-0.126005900868;0.502874193478,0.00970556079494,-0.0106388251692;0.479751674726,0.0102351531556,0.0080227714039;0.594500720418,0.0100414481148,-0.058457558979
0.0389032548096,0.0,0.0;0.0169703952046,0.0,0.0;0.00899335110956,0.0,0.0;0.0162728565976,0.0,0.0
0.0775977448279,0.000197595176881,-0.00172216865326;0.0493686415248,0.000252134289942,-0.00118429461443;0.0470798960935,-7.54248574486e-06,-0.00147352834565;0.0492659774762,1.02312954866e-05,-0.00104219689808
0.114319855837,0.000337932660462,-0.00300429700556;0.0957727061285,0.000157718045197,-0.00368373782414;0.0931970003407,0.000203647115107,-0.0045042732322;0.0936999519722,5.22932880428e-05,-0.00350887672314
0.140012013581,0.000443466448114,-0.00909079979128;0.109520630322,0.000381956626465,-0.00522292429569;0.10234352288,0.000335101866657,-0.00470194166881;0.109930807032,0.000228498932535,-0.00348004944787
-0.985125188433,0.000758945111203,-0.0138773802453;-0.674769040176,0.000486029078058,-0.0119169645577;-0.519285533427,9.69748167176e-05,-0.0104220041423;-0.770972919965,0.000262603250824,-0.012271848997
-0.589318671129,0.00200289656566,-0.04492162233;-0.367299029402,0.00117054685245,-0.0238332682368;-0.307493208879,0.000930958240489,-0.0204358357986;-0.392445932151,0.000387652417883,-0.0147769651891
-21.4577161644,-0.000506337640759,-0.00015533663083;-35.9792841149,-0.000546112142895,-0.00927278891469;-37.399036583,-0.000206879608998,-0.00494017064177;-25.2089649543,-0.000105723386695,-0.00554626388124
-0.0146609237138,-4.49079947458e-05,0.000477551933172;-0.0299566882542,2.14582374418e-05,0.00117438143407;-0.0209469745517,-9.05098289365e-05,0.00119063144027;-0.0167896581257,-2.04625909734e-05,0.00104583277064
0.0478314717405,1.45950982923e-05,-0.000565559993363;0.0213449538321,0.000114801570314,0.000566373038264;0.0225880970169,-0.000124989763769,-0.000336806479007;0.021986891868,-1.25049167059e-05,0.000443057041646
0.0314722528539,-0.000135846684106,-0.000174092446937;0.00582310393614,0.000140551455244,0.0002669949912;0.0100749289628,-0.000131454751551,-0.0011777958275;0.0126260274398,-2.50098334116e-05,-6.72636423129e-05
0.0459910115871,0.000112269986864,-0.000399162240214;0.0173704925777,0.000221019845651,-0.000247168630468;0.0202936515131,-0.000177787163983,-0.000515478208724;0.0212947795741,5.68405304835e-06,0.000507723632133
0.0666241452491,0.000150441782398,-0.000496307749278;0.0344469376884,0.000121239041546,-0.000870377236166;0.0280178679162,-0.000182097155836,0.00083739537692;0.0374325007898,-0.000100039333647,-0.000232176433313
0.00922791607912,-8.30797902798e-05,0.000503040606342;-0.00669801566164,5.04268579882e-05,0.00146186366469;-0.00444822336771,-0.000312474409423,0.000662317618778;-0.00934990750531,-8.75344169411e-05,0.000656534701807
0.043645929791,7.52208911992e-05,-0.00125279233224;0.0138708456757,-6.43747123275e-06,-0.00140502809726;0.0123099814631,7.75798533741e-05,0.000183292550313;0.0173521134991,-2.61466440215e-05,0.000134007874261
0.0371831866216,-4.15398951399e-05,-0.000197176528298;0.0127886545882,-4.29164748827e-06,0.00172951953458;0.0050984204587,4.30999185408e-06,0.00125121553253;0.0140832981799,-0.000158016674738,0.000246979628726
0.0438137100833,-3.1435596322e-05,-0.00204390303724;0.0154278511156,9.97808041046e-05,0.000806932881821;0.0114972350994,-9.91298126449e-05,0.00147866259076;0.0188185150082,-0.000148922189861,-0.000667442319479
0.0529327610873,-9.54294888349e-05,-0.000519872749001;0.0210557268154,0.000240332259349,0.000395866335963;0.0163862170721,-0.000210112102888,0.000106278873711;0.0218791487932,-5.68405304813e-05,9.11565191195e-05
0.0618392050032,0.000177386579245,-0.00213143017907;0.031945123994,0.000225311493139,-0.00144005466789;0.0221223308315,-0.000202569617143,-0.00145196451621;0.022302816477,2.15994015831e-05,-0.000333721159739
0.0720917335546,6.2871192644e-05,-0.00195926140558;0.03863108853,0.000158790957069,4.69223870674e-05;0.0275145903602,-0.000141152233222,-7.44465540488e-05;0.0372261454093,6.93454471872e-05,-0.000991554387459
0.0443439470378,0.0,0.0;0.0163581980193,0.0,0.0;0.0107907709524,0.0,0.0;0.0153360396933,0.0,0.0
0.209173355465,0.000799362306474,-0.013991357897;0.178313276243,0.000905537620046,-0.0185574736458;0.174990544009,0.000336179364621,-0.00589257310908;0.180234076395,0.000175068833882,-0.00467677092964
0.042138468691,0.000626466526703,-0.00762399878809;0.0139889467075,0.000324019385372,-0.00706214969299;0.0101624554943,0.000579693904379,-0.00387738190466;-0.0184204134777,0.000371737069348,-0.00701229963745
0.0185800664205,0.00111484096956,-0.0199922572144;-0.00347313442549,0.00122311953418,-0.0139207487491;0.0036135953711,0.000941733220124,-0.0133931917856;0.0145544458628,0.000686633608214,-0.0136524417481
0.0543185494561,-0.00271244288264,-0.0235938548252;0.026314838069,-0.00209110523871,-0.021295494063;0.0274770789896,-0.00185221899931,-0.021991512066;0.036672820805,-0.0028465737665,-0.0185985269522
0.0152295836359,-0.00254516060222,-0.0223617419825;-0.0192649295371,-0.00186793956931,-0.0201911657702;-0.0175396917191,-0.00192225636694,-0.0220952238171;-0.00446494606455,-0.00293751861527,-0.0186237183549
0.0448818685858,0.0,0.0;0.0170909064616,0.0,0.0;0.00951225840333,0.0,0.0;0.0171055827348,0.0,0.0
0.0761824988505,0.000150441782398,-0.00222953752486;0.0387106259596,0.000178103370767,-0.00193042665667;0.023335198482,1.07749796351e-05,0.000300866763259;0.0372517115627,0.0,0.000376312809698
0.112291123142,0.000259343669657,-0.00367277352833;0.0685347518312,0.000284321646104,-0.00119883394564;0.0540382553462,-3.23249389056e-06,0.000117574212946;0.0666253955906,-1.13681060965e-06,-0.00167250137644
0.138434110374,0.000360386657835,-0.00450524321244;0.105372632858,0.000363717124639,-0.0050583655016;0.100949350272,0.000136842241368,-0.00225085305482;0.107233577855,0.000146648568642,-0.00315905384208
0.0172967392989,1.79631978982e-05,0.000253924894979;-0.0205086057089,0.000110509922825,-0.000129532223454;-0.0270394463322,-0.000115292282098,0.000664884741331;-0.0113732859264,-0.000135280462545,-0.000561222899764
0.0240873584594,-0.00127875515039,-0.0481654166797;-0.00345385262437,-0.000772496547906,-0.0341251320931;0.0040043388152,-0.000802735982829,-0.0405261369016;0.0200803872907,-0.0017120367781,-0.0339221715509
0.00636412421889,-0.00192655297459,-0.0301516576054;-0.0242034808471,-0.00138620213874,-0.025390298433;-0.0250794772165,-0.00135549243812,-0.0268356723243;-0.0105935182497,-0.00246574221228,-0.0249410469235
0.0443260163195,0.0,0.0;0.0155483623725,0.0,0.0;0.0108157785329,0.0,0.0;0.0156410073795,0.0,0.0
0.222973604702,0.00447508167642,-0.0684077514422;0.23680944037,0.00308032998478,-0.0750612799766;0.228272320047,0.0029868243549,-0.0408059532599;0.21403070495,0.00197691365014,-0.0771760697256
0.218903331656,0.000647797824208,-0.010634066814;0.183574797722,0.000998880952917,-0.0122070903031;0.176434731778,0.000804890978756,-0.00888583800635;0.16898131662,0.00051724882738,-0.0192023415019
-0.555930392952,-0.000255975570051,0.00226656823871;-1.46047351283,-5.68643292209e-05,0.00354495329901;-1.58933176619,-0.000393286756688,-3.02920461301e-05;-1.01139337362,-0.000311486107038,0.0010988126279
-0.080380848456,3.36809960593e-05,0.00123259376105;-0.0373560794314,0.000240332259348,-7.66619281665e-05;-0.0313907653257,3.01699429787e-05,0.000664884741331;-0.0501480097663,-3.86515607271e-05,0.00123853401618
0.0334868971276,0.0,0.0;0.0100265365788,0.0,0.0;0.00518594699018,0.0,0.0;0.0116380782288,0.0,0.0
0.0403953467225,0.0,0.0;0.0100843819821,0.0,0.0;0.00517031725242,0.0,0.0;0.0105679520963,0.0,0.0
0.0403108161935,0.0,0.0;0.01203907457,0.0,0.0;0.00578925486788,0.0,0.0;-0.0266234963906,0.0,0.0
0.0153371679455,0.0,0.0;0.00186792448283,0.0,0.0;-0.0054235190042,0.0,0.0;0.00118517382245,0.0,0.0
0.0356782870529,3.14355963219e-05,0.000103878366128;0.0116968226002,0.000267155056151,7.33575347109e-05;0.00675204671416,-8.83548330095e-05,-0.000509830539106;0.0133546628098,6.59350153583e-05,7.50547977937e-05
0.0581839000081,0.000249239370839,-0.00165676375607;0.0193300056158,0.000270373791767,-0.00010309707581;0.0160955039496,-0.000177787163982,-0.00111464461269;0.0207469334312,7.95767426739e-05,0.000303335653366
0.0964493335536,0.000312110563483,-0.00350878036699;0.0510413377714,0.000347623446558,-0.0018392253973;0.039924602145,-0.000113137286171,-0.00144888396914;0.0476480052009,-0.000133006841326,-0.00160549743931
-0.0653216066436,-3.03128964534e-05,0.000174573365298;-0.0893856095098,8.58329497673e-05,6.47661117268e-05;-0.0819092037274,-0.000226274572341,0.000473377398848;-0.0497371251591,-2.38730228022e-05,0.000243603461351
