195.19575,37.1129166667,5198.3875;103.72475,38.835125,3782.8425;79.97575,38.6698333333,4869.265;136.89975,36.65225,9626.3
193.1125,37.106,5245.5225;105.4705,38.8297916667,3803.0;86.69475,38.6670416667,4869.32;144.18025,36.65525,9623.9025
203.54675,37.0814166667,5330.5325;109.067,38.8245,3825.71;82.66075,38.6669166667,4886.9725;133.636,36.6578333333,9628.545
193.457,37.0285833333,5469.225;108.761,38.7995416667,3873.3775;86.05025,38.65025,4947.96;131.20325,36.649,9622.7575
186.42625,37.1129166667,5198.3875;102.03,38.835125,3782.8425;79.12475,38.6698333333,4869.265;134.66525,36.65225,9626.3
180.49825,37.0689583333,5274.47;103.736,38.678,3922.3975;78.443,38.6492916667,4919.5975;131.20425,36.6556666667,9624.555
187.63525,36.941,5545.0025;110.92175,38.4735,4159.4675;81.98825,38.5527916667,5167.6675;156.5735,35.7738333333,11176.1575
175.41575,36.70075,5919.84;111.706,38.0364583333,4497.6425;82.583,38.27175,5581.2;161.36875,35.2614583333,12226.8025
186.42775,37.1129166667,5198.3875;101.99175,38.835125,3782.8425;79.18,38.6698333333,4869.265;134.525,36.65225,9626.3
178.49525,37.1132916667,5205.3325;97.34175,38.8287916667,3786.465;75.4665,38.6747083333,4875.64;138.0005,36.6493333333,9633.7125
176.561,37.2997083333,5422.365;94.88025,38.9665416667,4064.3675;73.02675,38.8432916667,5264.2125;129.03675,36.8620416667,10209.775
180.726,37.2997083333,5422.365;94.6665,38.9665416667,4064.3675;72.90325,38.8432916667,5264.2125;124.102,36.8620416667,10209.775
166.50325,37.0984583333,5214.2;91.8075,38.827,3793.9475;71.9005,38.6702916667,4883.8125;120.774,36.65225,9654.3425
57.3435,37.3007916667,5853.415;51.56425,38.4582083333,3823.0875;41.60725,38.2740416667,4830.2;55.51275,36.2842083333,10189.03
187.602,37.1129166667,5198.3875;101.9645,38.835125,3782.8425;79.2565,38.6698333333,4869.265;134.672,36.65225,9626.3
180.049,37.1055833333,5207.34;98.604,38.8253333333,3787.3225;76.2105,38.670125,4876.44;130.15525,36.651875,9636.3325
172.881,37.100375,5214.005;93.79075,38.829,3796.7775;72.52225,38.6619583333,4891.1975;124.07225,36.6503333333,9660.0775
167.866,37.0964583333,5245.645;92.36475,38.8202916667,3802.6;71.79075,38.656875,4892.16;121.85025,36.643875,9659.8
387.488,37.08475,5270.5275;173.715,38.81625,3827.9225;121.506,38.6660833333,4920.0125;242.44575,36.642625,9744.4325
310.22825,37.0385833333,5431.9075;141.82275,38.7896666667,3873.0;104.56775,38.6338333333,4968.7725;190.6255,36.6380416667,9768.5475
4383.65075,37.1317083333,5199.195;3835.667,38.8563333333,3817.92;3070.99175,38.6778333333,4893.32;3588.00075,36.656125,9679.69
198.0575,37.1145833333,5195.905;106.832,38.8342916667,3778.4;81.651,38.6733333333,4863.4675;139.19825,36.653,9616.2325
185.85925,37.112375,5201.3275;101.51075,38.8306666667,3780.7;78.16925,38.6746666667,4870.905;133.88975,36.6527083333,9622.035
189.0525,37.1179583333,5199.2925;103.12075,38.8296666667,3781.8325;79.17,38.6749166667,4875.0;135.17125,36.6531666667,9626.9475
186.2185,37.10875,5200.4625;101.923,38.8265416667,3783.7775;78.35275,38.6767083333,4871.775;133.9845,36.6520416667,9621.4125
182.191,37.1073333333,5200.9675;100.15175,38.8304166667,3786.135;77.735,38.676875,4865.1875;131.77525,36.6559166667,9628.535
193.3945,37.116,5195.7725;104.4195,38.8331666667,3777.3125;80.3315,38.6819166667,4866.04;138.17975,36.6554583333,9619.98
186.67625,37.110125,5204.9;102.286,38.835375,3788.1575;78.99125,38.6668333333,4868.3725;134.52425,36.6532083333,9625.01
187.93775,37.1144583333,5199.4125;102.39825,38.8352916667,3776.3;79.568,38.6696666667,4863.1725;134.97175,36.6580416667,9623.9225
186.6435,37.1140833333,5209.0125;102.1245,38.83125,3779.79;79.05625,38.6736666667,4862.065;134.3235,36.6577083333,9632.725
184.8635,37.1164583333,5201.09;101.54075,38.8257916667,3781.345;78.66525,38.6779583333,4868.7475;133.9045,36.6543333333,9625.4225
183.125,37.1063333333,5209.4675;100.41125,38.826375,3788.29;78.2065,38.6776666667,4876.335;133.8465,36.6514583333,9629.5125
181.12375,37.1105833333,5208.5725;99.71775,38.8289583333,3782.665;77.77525,38.6752916667,4869.6275;131.8035,36.6497083333,9635.845
186.54,37.1129166667,5198.3875;102.028,38.835125,3782.8425;79.11275,38.6698333333,4869.265;134.80025,36.65225,9626.3
154.366,37.08325,5271.12;85.22925,38.7999583333,3853.0425;65.98075,38.6568333333,4897.9575;112.22575,36.6458333333,9671.32
186.9705,37.0896666667,5238.02;102.27375,38.8225416667,3809.5575;79.163,38.6474166667,4888.145;139.4215,36.638625,9693.8025
191.569,37.0715416667,5302.315;104.085,38.787625,3835.5025;79.68675,38.6334166667,4934.48;134.90725,36.6270833333,9757.7225
184.593,37.2135833333,5321.0375;100.99525,38.9163333333,3863.4;77.77825,38.7414583333,4976.3475;131.87925,36.7565833333,9805.335
192.223,37.207375,5314.6325;105.723,38.9076666667,3859.2225;81.3785,38.7441666667,4976.8525;137.511,36.7599166667,9805.5775
186.435,37.1129166667,5198.3875;101.952,38.835125,3782.8425;79.215,38.6698333333,4869.265;134.558,36.65225,9626.3
180.32525,37.1073333333,5209.9775;99.7095,38.8282083333,3790.145;78.1095,38.6694166667,4867.8;131.8,36.65225,9622.6775
173.277,37.1032916667,5217.48;96.616,38.8240833333,3787.3775;75.654,38.6699583333,4868.6925;127.77875,36.6522916667,9642.4
168.174,37.0995416667,5221.8075;92.795,38.821,3801.9775;71.90225,38.6645416667,4880.225;122.2195,36.646875,9656.71
191.8195,37.11225,5197.0675;105.852,38.8308333333,3783.3325;82.13825,38.6742916667,4866.0275;138.45675,36.6572083333,9631.7025
190.494,37.160375,5448.77;104.083,38.865125,3911.9325;79.6555,38.700875,5066.5975;134.15075,36.715,9952.845
193.9535,37.1844166667,5355.1275;106.23525,38.8889583333,3878.89;81.9815,38.72225,4999.935;138.35,36.742625,9866.39
186.5435,37.1129166667,5198.3875;102.112,38.835125,3782.8425;79.11075,38.6698333333,4869.265;134.7585,36.65225,9626.3
151.67225,36.9468333333,5553.9975;79.16175,38.7155,4066.7875;61.7195,38.5543333333,5067.96;107.599,36.5797916667,10369.22
152.46675,37.088875,5253.6675;84.6835,38.7963333333,3829.02;65.86525,38.6387083333,4912.5325;113.76625,36.6332916667,9811.1475
303.711,37.1224166667,5186.605;255.212,38.8373333333,3769.4325;207.08375,38.6850416667,4869.4125;275.35925,36.6636666667,9615.7225
210.88575,37.1116666667,5191.98;107.5995,38.8257916667,3783.1325;82.48625,38.6686666667,4866.0275;143.765,36.6536666667,9614.3775
188.65925,37.1129166667,5198.3875;102.68475,38.835125,3782.8425;79.561,38.6698333333,4869.265;135.3065,36.65225,9626.3
187.31075,37.1129166667,5198.3875;102.67875,38.835125,3782.8425;79.56225,38.6698333333,4869.265;135.453,36.65225,9626.3
187.32725,37.1129166667,5198.3875;102.476,38.835125,3782.8425;79.51275,38.6698333333,4869.265;140.5445,36.65225,9626.3
192.202,37.1129166667,5198.3875;103.531,38.835125,3782.8425;80.4095,38.6698333333,4869.265;136.7375,36.65225,9626.3
188.2315,37.11175,5197.8475;102.5115,38.82475,3782.565;79.43575,38.67325,4871.7475;135.0715,36.6498333333,9625.5775
183.8385,37.1036666667,5207.0;101.71975,38.824625,3783.2325;78.6885,38.6767083333,4874.6925;134.0595,36.6493333333,9623.38
176.36925,37.1013333333,5216.6275;98.4305,38.821625,3789.8;76.78275,38.6742083333,4876.32;130.37675,36.657125,9641.755
207.94625,37.1140416667,5197.48;112.99625,38.8317916667,3782.5975;86.5265,38.6785833333,4866.96;143.70875,36.653125,9623.955
